image: map.pgm
resolution: 0.050000
origin: [-51.724998, -51.224998, 0.000000]
negate: 0
occupied_thresh: 0.65
free_thresh: 0.196
width: 20
height: 20
